Fit (to a zero inflated negative binomial model) of observed counts of true positives/negative interactions (interaction coefficient > 0.01 or ic < -0.01) per taxa

##############CIR_19 positives

        mean se_mean     sd   2.5%    25%    50%    75%  97.5%  n_eff   Rhat
mu      2.59    0.01   0.73   1.43   2.07    2.5   3.01   4.24   4078    1.0
phi     1.49    0.01   0.85   0.44   0.88   1.28   1.88    3.7   4037    1.0
theta   0.15  1.6e-3   0.11 4.1e-3   0.06   0.12   0.21   0.41   4837    1.0
T_sum   0.51  6.6e-3    0.5    0.0    0.0    1.0    1.0    1.0   5728    1.0
T_max   0.33  6.2e-3   0.47    0.0    0.0    0.0    1.0    1.0   5634    1.0
p_sum   0.51  6.7e-3    0.5    0.0    0.0    1.0    1.0    1.0   5564    1.0
p_max   0.54  6.8e-3    0.5    0.0    0.0    1.0    1.0    1.0   5340    1.0
lp__  -39.16    0.03   1.32 -42.52 -39.77 -38.82 -38.19 -37.63   2304   1.01

##############CIR_19 negatives

        mean se_mean     sd   2.5%    25%    50%    75%  97.5%  n_eff   Rhat
mu      8.42    0.01   0.75   7.01   7.92   8.38    8.9  10.01   4292    1.0
phi     37.0    0.09    6.1  26.07  32.71  36.55  40.91  49.75   4981    1.0
T_sum    0.5  6.9e-3    0.5    0.0    0.0    0.0    1.0    1.0   5327    1.0
T_max   0.82  4.9e-3   0.38    0.0    1.0    1.0    1.0    1.0   5984    1.0
p_sum   0.49  6.6e-3    0.5    0.0    0.0    0.0    1.0    1.0   5757    1.0
p_max   0.18  5.0e-3   0.39    0.0    0.0    0.0    0.0    1.0   5963    1.0
lp__  264.62    0.02   1.01 261.97 264.22 264.92 265.33  265.6   2526    1.0

##############My_20 positives

        mean se_mean     sd   2.5%    25%    50%    75%  97.5%  n_eff   Rhat
mu      3.46    0.02   1.24   1.51   2.59   3.32    4.2   6.26   2976    1.0
phi     1.39    0.02   1.09   0.22   0.61   1.08   1.84   4.32   2965    1.0
theta   0.38  3.4e-3   0.18   0.03   0.25   0.39   0.52   0.72   2956    1.0
T_sum   0.45  6.4e-3    0.5    0.0    0.0    0.0    1.0    1.0   6025    1.0
T_max    0.4  6.4e-3   0.49    0.0    0.0    0.0    1.0    1.0   5798    1.0
p_sum   0.51  6.6e-3    0.5    0.0    0.0    1.0    1.0    1.0   5810    1.0
p_max   0.59  6.4e-3   0.49    0.0    0.0    1.0    1.0    1.0   5861    1.0
lp__   -28.4    0.03   1.33  -31.8 -29.04 -28.08 -27.42 -26.83   1838    1.0

##############My_20 negatives

        mean se_mean     sd   2.5%    25%    50%    75%  97.5%  n_eff   Rhat
mu      5.09  9.2e-3   0.64   3.91   4.65   5.06    5.5   6.47   4849    1.0
phi    37.06    0.08   6.09  26.24  32.82  36.76  40.96  49.91   5370    1.0
T_sum    0.5  6.9e-3    0.5    0.0    0.0    1.0    1.0    1.0   5328    1.0
T_max   0.85  4.7e-3   0.35    0.0    1.0    1.0    1.0    1.0   5750    1.0
p_sum   0.28  5.9e-3   0.45    0.0    0.0    0.0    1.0    1.0   5698    1.0
p_max   0.11  4.2e-3   0.31    0.0    0.0    0.0    0.0    1.0   5540    1.0
lp__  139.54    0.02    1.0 136.81 139.15 139.86 140.26 140.52   2596    1.0


